hello@example.com,password
hello@example.com,password
hello@example.com,password
hello@example.com,password
hello@example.com,password
hello@example.com,password
hello@example.com,password
hello@example.com,password
hello@example.com,password
hello@example.com,password
hello@example.com,password
hello@example.com,password
hello@example.com,password
hello@example.com,password
hello@example.com,password
hello@example.com,password
hello@example.com,password
hello@example.com,password
hello@example.com,password
hello@example.com,password
hello@example.com,password
hello@example.com,password
hello@example.com,password
hello@example.com,password
hello@example.com,password
hello@example.com,password
hello@example.com,password
